  -6.000  -0.2067   0.00671   0.00192  -0.1013   0.6662   0.0402
  -5.500  -0.1494   0.00659   0.00175  -0.1015   0.6421   0.0449
  -5.000  -0.0918   0.00647   0.00160  -0.1017   0.6203   0.0500
  -4.500  -0.0342   0.00638   0.00147  -0.1019   0.5984   0.0564
  -4.000   0.0233   0.00631   0.00136  -0.1021   0.5753   0.0634
  -3.500   0.0809   0.00625   0.00128  -0.1023   0.5529   0.0719
  -3.000   0.1386   0.00619   0.00120  -0.1025   0.5330   0.0829
  -2.500   0.1963   0.00613   0.00114  -0.1028   0.5149   0.0961
  -2.000   0.2540   0.00609   0.00109  -0.1030   0.4976   0.1115
  -1.500   0.3118   0.00606   0.00107  -0.1033   0.4821   0.1274
  -1.000   0.3698   0.00600   0.00105  -0.1037   0.4706   0.1506
  -0.500   0.4279   0.00597   0.00105  -0.1040   0.4590   0.1722
  -0.000   0.4854   0.00596   0.00107  -0.1043   0.4454   0.2013
   0.500   0.5436   0.00592   0.00110  -0.1047   0.4383   0.2311
   1.000   0.6012   0.00592   0.00114  -0.1050   0.4271   0.2654
   1.500   0.6589   0.00590   0.00120  -0.1053   0.4191   0.3054
   2.000   0.7163   0.00588   0.00127  -0.1056   0.4090   0.3543
   2.500   0.7728   0.00582   0.00136  -0.1058   0.3971   0.4458
   3.000   0.8292   0.00572   0.00148  -0.1060   0.3852   0.5584
   3.500   0.8850   0.00573   0.00162  -0.1061   0.3699   0.6463
   4.000   0.9398   0.00577   0.00180  -0.1060   0.3515   0.7403
   4.500   0.9931   0.00586   0.00202  -0.1056   0.3294   0.8404
   5.000   1.0425   0.00593   0.00226  -0.1042   0.3084   0.9500
   6.000   1.1535   0.00670   0.00282  -0.1045   0.2547   1.0000
   6.500   1.2032   0.00717   0.00314  -0.1034   0.2269   1.0000
   7.000   1.2519   0.00770   0.00351  -0.1023   0.1984   1.0000
   7.500   1.2991   0.00829   0.00394  -0.1009   0.1690   1.0000
   8.000   1.3450   0.00893   0.00442  -0.0993   0.1419   1.0000
   8.500   1.3894   0.00960   0.00494  -0.0975   0.1170   1.0000
   9.000   1.4318   0.01030   0.00551  -0.0953   0.0957   1.0000
   9.500   1.4711   0.01098   0.00609  -0.0925   0.0802   1.0000
  10.000   1.5076   0.01168   0.00671  -0.0892   0.0674   1.0000
