  -4.000   0.0233   0.00631   0.00136  -0.1021   0.5752   0.0634
  -3.900   0.0348   0.00631   0.00135  -0.1021   0.5695   0.0643
  -3.800   0.0464   0.00628   0.00132  -0.1022   0.5668   0.0667
  -3.700   0.0580   0.00626   0.00130  -0.1022   0.5630   0.0690
  -3.600   0.0694   0.00625   0.00129  -0.1023   0.5581   0.0708
  -3.500   0.0809   0.00625   0.00128  -0.1023   0.5529   0.0719
  -3.400   0.0925   0.00623   0.00126  -0.1024   0.5498   0.0741
  -3.300   0.1041   0.00621   0.00124  -0.1024   0.5464   0.0767
  -3.200   0.1156   0.00620   0.00122  -0.1025   0.5420   0.0788
  -3.100   0.1270   0.00620   0.00121  -0.1025   0.5371   0.0804
  -3.000   0.1386   0.00619   0.00120  -0.1025   0.5330   0.0830
  -2.900   0.1502   0.00616   0.00118  -0.1026   0.5305   0.0862
  -2.800   0.1618   0.00615   0.00117  -0.1027   0.5271   0.0884
  -2.700   0.1733   0.00615   0.00116  -0.1027   0.5230   0.0900
  -2.600   0.1847   0.00616   0.00115  -0.1027   0.5179   0.0923
  -2.500   0.1963   0.00613   0.00114  -0.1028   0.5149   0.0962
  -2.400   0.2079   0.00611   0.00113  -0.1029   0.5124   0.0993
  -2.300   0.2195   0.00611   0.00112  -0.1029   0.5092   0.1009
  -2.200   0.2310   0.00611   0.00111  -0.1030   0.5053   0.1046
  -2.100   0.2424   0.00610   0.00110  -0.1030   0.5009   0.1084
  -2.000   0.2540   0.00609   0.00109  -0.1030   0.4976   0.1115
  -1.900   0.2657   0.00608   0.00109  -0.1031   0.4956   0.1135
  -1.800   0.2773   0.00606   0.00108  -0.1032   0.4930   0.1185
  -1.700   0.2888   0.00605   0.00107  -0.1032   0.4898   0.1225
  -1.600   0.3003   0.00606   0.00107  -0.1033   0.4864   0.1249
  -1.500   0.3118   0.00606   0.00107  -0.1033   0.4821   0.1274
  -1.400   0.3234   0.00604   0.00106  -0.1034   0.4798   0.1336
  -1.300   0.3351   0.00602   0.00106  -0.1035   0.4782   0.1377
  -1.200   0.3468   0.00602   0.00106  -0.1035   0.4761   0.1400
  -1.100   0.3583   0.00601   0.00105  -0.1036   0.4734   0.1454
  -1.000   0.3698   0.00600   0.00105  -0.1037   0.4706   0.1505
  -0.900   0.3813   0.00601   0.00106  -0.1037   0.4672   0.1542
  -0.800   0.3928   0.00601   0.00106  -0.1038   0.4636   0.1579
  -0.700   0.4045   0.00599   0.00105  -0.1038   0.4621   0.1642
  -0.600   0.4162   0.00597   0.00105  -0.1039   0.4609   0.1693
  -0.500   0.4279   0.00597   0.00105  -0.1040   0.4590   0.1722
  -0.400   0.4394   0.00596   0.00105  -0.1041   0.4568   0.1791
  -0.300   0.4509   0.00596   0.00106  -0.1041   0.4544   0.1846
  -0.200   0.4624   0.00597   0.00106  -0.1042   0.4516   0.1879
  -0.100   0.4739   0.00596   0.00107  -0.1042   0.4485   0.1955
   0.000   0.4854   0.00596   0.00107  -0.1043   0.4454   0.2013
   0.100   0.4971   0.00595   0.00108  -0.1044   0.4445   0.2048
   0.200   0.5088   0.00594   0.00108  -0.1044   0.4433   0.2122
   0.300   0.5204   0.00593   0.00108  -0.1045   0.4419   0.2189
   0.400   0.5321   0.00593   0.00109  -0.1046   0.4401   0.2229
   0.500   0.5436   0.00592   0.00110  -0.1047   0.4384   0.2308
   0.600   0.5550   0.00592   0.00111  -0.1047   0.4359   0.2383
   0.700   0.5665   0.00593   0.00112  -0.1048   0.4334   0.2423
   0.800   0.5780   0.00593   0.00113  -0.1048   0.4303   0.2514
   0.900   0.5895   0.00593   0.00114  -0.1049   0.4279   0.2576
   1.000   0.6012   0.00592   0.00114  -0.1050   0.4271   0.2654
   1.100   0.6128   0.00590   0.00115  -0.1050   0.4262   0.2740
   1.200   0.6245   0.00590   0.00116  -0.1051   0.4248   0.2788
   1.300   0.6360   0.00589   0.00117  -0.1052   0.4231   0.2889
   1.400   0.6475   0.00589   0.00118  -0.1053   0.4212   0.2962
   1.500   0.6589   0.00590   0.00120  -0.1053   0.4191   0.3054
   1.600   0.6703   0.00590   0.00121  -0.1053   0.4166   0.3140
   1.700   0.6817   0.00591   0.00123  -0.1054   0.4136   0.3222
   1.800   0.6931   0.00591   0.00124  -0.1054   0.4107   0.3334
   1.900   0.7047   0.00590   0.00126  -0.1055   0.4100   0.3440
   2.000   0.7163   0.00588   0.00127  -0.1056   0.4090   0.3543
   2.100   0.7279   0.00587   0.00128  -0.1057   0.4076   0.3682
   2.200   0.7393   0.00586   0.00130  -0.1058   0.4057   0.3811
   2.300   0.7507   0.00586   0.00132  -0.1058   0.4033   0.3953
   2.400   0.7618   0.00584   0.00134  -0.1058   0.4005   0.4169
   2.500   0.7728   0.00582   0.00136  -0.1058   0.3970   0.4456
   2.600   0.7840   0.00579   0.00139  -0.1059   0.3936   0.4722
   2.700   0.7954   0.00576   0.00141  -0.1059   0.3925   0.4966
   2.800   0.8068   0.00573   0.00143  -0.1060   0.3907   0.5181
   2.900   0.8181   0.00572   0.00145  -0.1060   0.3883   0.5380
   3.000   0.8292   0.00572   0.00148  -0.1060   0.3852   0.5593
   3.100   0.8401   0.00573   0.00151  -0.1060   0.3812   0.5773
   3.200   0.8512   0.00574   0.00154  -0.1060   0.3769   0.5939
   3.300   0.8626   0.00573   0.00157  -0.1061   0.3754   0.6112
   3.400   0.8739   0.00572   0.00159  -0.1061   0.3731   0.6284
   3.500   0.8850   0.00573   0.00162  -0.1061   0.3699   0.6463
   3.600   0.8958   0.00574   0.00166  -0.1061   0.3658   0.6655
   3.700   0.9067   0.00576   0.00170  -0.1060   0.3605   0.6834
   3.800   0.9179   0.00575   0.00172  -0.1061   0.3587   0.7025
   3.900   0.9290   0.00575   0.00176  -0.1061   0.3557   0.7218
   4.000   0.9398   0.00577   0.00180  -0.1060   0.3515   0.7402
   4.100   0.9504   0.00580   0.00185  -0.1059   0.3460   0.7583
   4.200   0.9614   0.00580   0.00188  -0.1059   0.3427   0.7783
   4.300   0.9723   0.00580   0.00192  -0.1059   0.3397   0.7984
   4.400   0.9829   0.00583   0.00196  -0.1058   0.3352   0.8186
   4.500   0.9931   0.00586   0.00202  -0.1056   0.3293   0.8406
   4.600   1.0037   0.00586   0.00206  -0.1055   0.3260   0.8634
   4.700   1.0140   0.00586   0.00211  -0.1053   0.3222   0.8866
   4.800   1.0236   0.00589   0.00217  -0.1050   0.3170   0.9108
   4.900   1.0331   0.00592   0.00222  -0.1046   0.3110   0.9311
   5.000   1.0425   0.00593   0.00226  -0.1042   0.3084   0.9500
   5.100   1.0513   0.00598   0.00232  -0.1037   0.3034   0.9661
   5.200   1.0605   0.00606   0.00238  -0.1032   0.2970   0.9775
   5.300   1.0722   0.00610   0.00241  -0.1034   0.2934   0.9845
   5.400   1.0841   0.00618   0.00247  -0.1036   0.2883   0.9906
   5.500   1.0961   0.00628   0.00253  -0.1038   0.2813   0.9941
   5.600   1.1096   0.00635   0.00258  -0.1044   0.2767   0.9965
   5.700   1.1224   0.00644   0.00264  -0.1048   0.2711   0.9990
   5.800   1.1331   0.00655   0.00271  -0.1048   0.2637   1.0000
   5.900   1.1436   0.00661   0.00275  -0.1047   0.2605   1.0000
   6.000   1.1535   0.00670   0.00282  -0.1045   0.2547   1.0000
   6.100   1.1632   0.00681   0.00288  -0.1042   0.2477   1.0000
   6.200   1.1736   0.00688   0.00293  -0.1041   0.2441   1.0000
   6.300   1.1832   0.00699   0.00301  -0.1038   0.2377   1.0000
   6.400   1.1930   0.00709   0.00308  -0.1036   0.2312   1.0000
   6.500   1.2032   0.00717   0.00314  -0.1034   0.2269   1.0000
   6.600   1.2125   0.00730   0.00323  -0.1031   0.2198   1.0000
   6.700   1.2227   0.00738   0.00328  -0.1030   0.2152   1.0000
   6.800   1.2324   0.00749   0.00336  -0.1027   0.2096   1.0000
   6.900   1.2417   0.00762   0.00345  -0.1024   0.2020   1.0000
   7.000   1.2519   0.00770   0.00351  -0.1023   0.1983   1.0000
   7.100   1.2610   0.00784   0.00361  -0.1019   0.1914   1.0000
   7.200   1.2707   0.00794   0.00368  -0.1017   0.1859   1.0000
   7.300   1.2803   0.00805   0.00377  -0.1015   0.1806   1.0000
   7.400   1.2892   0.00820   0.00387  -0.1011   0.1728   1.0000
   7.600   1.3079   0.00844   0.00405  -0.1005   0.1627   1.0000
   7.700   1.3175   0.00855   0.00413  -0.1003   0.1573   1.0000
   7.800   1.3266   0.00868   0.00423  -0.0999   0.1520   1.0000
   7.900   1.3354   0.00883   0.00434  -0.0995   0.1451   1.0000
   8.000   1.3450   0.00893   0.00442  -0.0993   0.1419   1.0000
   8.100   1.3535   0.00909   0.00454  -0.0989   0.1358   1.0000
   8.200   1.3628   0.00920   0.00463  -0.0986   0.1309   1.0000
   8.300   1.3717   0.00934   0.00474  -0.0982   0.1263   1.0000
   8.400   1.3800   0.00950   0.00486  -0.0977   0.1199   1.0000
   8.500   1.3894   0.00960   0.00494  -0.0975   0.1170   1.0000
   8.600   1.3978   0.00975   0.00507  -0.0970   0.1124   1.0000
   8.700   1.4064   0.00990   0.00518  -0.0966   0.1072   1.0000
   8.800   1.4152   0.01001   0.00528  -0.0962   0.1040   1.0000
   8.900   1.4231   0.01018   0.00541  -0.0957   0.0995   1.0000
   9.000   1.4317   0.01030   0.00551  -0.0953   0.0956   1.0000
   9.100   1.4402   0.01043   0.00562  -0.0948   0.0926   1.0000
   9.200   1.4479   0.01059   0.00575  -0.0943   0.0885   1.0000
   9.300   1.4565   0.01070   0.00585  -0.0938   0.0858   1.0000
   9.400   1.4644   0.01082   0.00596  -0.0933   0.0834   1.0000
   9.500   1.4711   0.01098   0.00609  -0.0925   0.0802   1.0000
   9.600   1.4784   0.01112   0.00621  -0.0918   0.0768   1.0000
   9.700   1.4860   0.01124   0.00632  -0.0912   0.0750   1.0000
   9.800   1.4930   0.01139   0.00645  -0.0905   0.0724   1.0000
   9.900   1.4996   0.01156   0.00660  -0.0898   0.0687   1.0000
  10.000   1.5076   0.01168   0.00671  -0.0892   0.0674   1.0000
